Initial weights random
[[ 0.01988474 -0.01087033  0.05472694 -0.03475124 -0.10023151  0.01134673
  -0.04773932  0.02186489 -0.1377992   0.15869546 -0.07219266  0.08348567
   0.04569535  0.12943394  0.05283384 -0.06839969]
 [-0.07124085  0.03666735 -0.03835222 -0.02014173 -0.15131252  0.00730631
   0.0245605   0.08102082 -0.10211161 -0.06593118  0.03616777 -0.03581659
  -0.0323627   0.08701565  0.01725591  0.0157333 ]
 [ 0.04916186 -0.10965886  0.04394001  0.02820045  0.0589108  -0.03512276
  -0.12617238  0.05909625 -0.04865494 -0.10444429  0.02708173  0.18525672
  -0.00493274 -0.09073649 -0.19643475 -0.06146429]]



Epoches changed from initial?
[[ 0.01988474 -0.01087033  0.05287001 -0.06169966 -0.10625632  0.01134673
  -0.06196747 -0.03349326 -0.16501572  0.15869546 -0.07224368  0.03717494
   0.03102538  0.11968053  0.05283384 -0.06839969]
 [-0.07124085  0.03666735 -0.03203527  0.00210857 -0.14713759  0.00730632
   0.0544372   0.16178819 -0.05939317 -0.06593118  0.03612116  0.01268925
  -0.00807152  0.10467705  0.01725591  0.0157333 ]
 [ 0.04916186 -0.10965886  0.04481523  0.02301934  0.05700906 -0.03512275
  -0.14911493  0.02621119 -0.0634497  -0.10444429  0.02710887  0.17219499
  -0.02804798 -0.09526569 -0.19643475 -0.06146429]]